user_id mean_income
1103 40848
8273 42800
9269 40848
10571 10325
11758 34684
12496 18986
33493 42761
61633 22491
69153 40848
75533 40848
297173 21801
589903 26313
632403 24749
649873 26134
696053 40848
705883 38436
722533 22491
725093 39398
728403 32284
755768 16035
784290 40848
790135 28175
793059 28959
804992 26313
811087 40848
817524 32547
849201 28959
981381 70457
1067421 42761
1081281 40848
1174481 32284
1239931 29167
1330151 16035
1401261 26313
1520501 23940
1534061 42800
1653771 70457
1683911 39398
1797291 29492
1961791 42761
2058511 23460
2316461 42761
2633711 40848
2642921 23460
2690951 32284
2700371 20314
4387001 40848
4899581 40848
4958551 23460
5301552 23460
5340042 40848
5374252 111413
5450132 38202
5468172 38202
5510042 70457
5522792 32284
5556092 38202
5567962 23940
5579952 42761
5685842 42761
5730592 38138
5750262 32284
5779142 38138
5920812 32284
5925892 26134
6125082 54329
6153722 23239
6292792 28786
6334632 39398
6409922 70457
6411892 38202
6426432 22491
6514082 70457
6618402 29492
6690382 29626
6698022 23239
6758372 42761
7057692 27444
7059882 23460
7062302 40848
7074962 39398
7118512 70457
7138852 12967
7255642 27033
7315502 38138
7380082 29167
7517462 29626
7546872 34684
7563542 40848
7572002 34684
7725042 39398
7740422 32547
7898902 53679
8069672 42800
8084442 42761
8106562 40848
8251772 27444
8292882 39326
8337752 26391
8368042 42761
8662992 38436
8663902 22491
8689122 42761
8906142 32547
8923402 42761
9117962 27033
9120852 27713
9128082 27713
9183142 34684
9202882 23940
9257272 42761
9260332 111413
9332262 70457
9486472 39398
9501282 42761
9549672 32547
9598212 54329
9598312 20314
9621702 54329
9706552 28959
9866352 40848
9871252 39398
9889712 42761
9907482 39398
9961892 42761
10065552 42800
10066932 29167
10136872 38202
10192242 38202
10211472 42800
10217412 42800
10225972 38202
10239442 29167
10351332 26391
10398022 40848
10451462 40848
10604202 39398
10806792 18570
10820222 26313
10953172 29167
11091402 29626
11092732 23940
11123382 36474
11176202 27033
11177012 111413
11210752 34684
11212792 14155
11227342 38138
11240652 29167
11473682 14155
11488722 40848
11493452 32284
11628872 54329
11699672 23940
11825072 70457
11936592 40848
12049322 38138
12212312 23460
12266402 26313
12368072 29167
12372802 39398
12478542 38138
12490262 42761
12586892 26313
12620122 32284
12645502 41064
12957472 28959
13120082 39398
13128652 26313
13133702 39398
13218402 27033
13233922 42761
13274482 40848
13314022 70457
13374002 27713
13430512 27033
13525382 39326
13831172 70457
13841712 40848
13858802 32284
13938742 34684
13973832 42761
14040622 35082
14074288 70457
14074456 23940
14074540 29626
14079225 34684
14084825 22491
14089595 38202
14098484 54329
14100124 39398
14104847 19988
14117830 29626
14118527 54329
14134072 27033
14135430 29167
14135855 38202
14144475 70457
14145626 32284
14147309 23239
14152339 26391
14157172 34684
14165666 38202
14166534 42761
14173550 40848
14187663 40848
14197660 41064
14198745 23460
14217112 29167
14246624 10325
14249219 39398
14251121 19988
14261642 29492
14283095 40848
14305066 40848
14310612 70457
14311479 40848
14314029 70457
14329707 32547
14335490 39326
14336028 39326
14354096 39326
14367071 32284
14373669 29626
14382163 70457
14387764 28959
14401128 32284
14403249 39326
14416313 30322
14426935 70457
14431213 70457
14438595 23460
14450237 53679
14458698 38202
14461653 16384
14467870 70457
14487555 38138
14494462 28175
14499474 23940
14500028 42761
14501584 39398
14501900 54329
14516685 18570
14527038 70457
14528891 38202
14538949 111413
14568840 18441
14579583 41064
14603622 70457
14616962 39398
14617499 38202
14622094 38436
14662271 70457
14668528 38138
14670999 54329
14676708 70457
14746841 29167
14749536 70457
14752465 18570
14762401 22595
14769564 40848
14782660 29167
14787076 38202
14797894 28175
14802508 29492
14813658 29626
14817494 34684
14827629 42761
14829999 22491
14842910 29626
14849067 111413
14863217 29167
14871013 27033
14889016 27494
14893346 36474
14900945 29626
14913762 29167
14919375 42761
14925116 29626
14925820 18441
14934071 39398
14938017 19988
14949434 38202
14949636 42761
14956021 23460
15004723 27713
15013248 16384
15015667 28959
15017920 70457
15022582 26313
15024497 42761
15025831 41064
15028139 39326
15029168 42761
15040070 29626
15057441 39398
15063427 16035
15088174 70457
15089837 28175
15093534 39398
15109677 30322
15112222 29167
15117375 8868
15123794 28959
15131130 38202
15135918 29626
15140286 29167
15155690 28959
15159514 38138
15161349 39326
15169857 29626
15191684 36474
15197506 29167
15200378 29167
15223346 39398
15240855 14155
15250585 54329
15270016 40848
15283483 70457
15299495 18441
15304250 39398
15317634 39398
15342492 23460
15347918 27494
15348154 27494
15351903 32284
15355706 38138
15360847 29626
15372207 111413
15389809 22491
15389858 40848
15399426 16125
15418601 38202
15433144 27967
15433423 70457
15433895 27967
15438940 20314
15447649 23460
15454004 20314
15455370 27444
15466762 23940
15469408 29626
15493558 70457
15496428 27033
15503663 36474
15520859 70457
15531489 16035
15552294 26391
15571167 29167
15573609 42761
15587962 39398
15593520 38202
15600695 23940
15603727 29626
15604034 27967
15619213 29167
15623746 39326
15625434 40848
15640760 38436
15660564 38138
15668267 22491
15690377 16384
15694276 39326
15709367 26313
15715347 27967
15716191 38138
15731937 41064
15736765 34684
15752507 38202
15761512 42800
15764252 41064
15764490 42800
15776271 40848
15780331 27967
15799959 19988
15806415 36474
15815012 54329
15817990 32547
15824762 27967
15827684 27033
15839676 39398
15841875 38202
15845952 29626
15850490 28786
15852053 28959
15858892 38436
15872131 29167
15887383 29626
15898553 26391
15899209 34684
15910037 70457
15913456 27713
15925268 29626
15925413 22491
15932786 23460
15940218 19988
15946883 27444
15951191 29626
15960831 34684
15975716 32284
15982957 27494
16009317 10325
16017521 32284
16022522 12967
16024752 28959
16033086 22491
16065044 28959
16095009 30322
16098578 34684
16103650 27444
16104080 24749
16104477 23940
16108787 18441
16114257 20314
16125302 23239
16155384 28959
16157607 42761
16165168 26313
16173823 28959
16176730 23460
16198397 16384
16198823 19988
16202990 34684
16203296 27494
16210981 29492
16221833 29626
16229530 34684
16230766 23460
16231883 8395
16243984 70457
16254132 27033
16255532 53679
16263018 23940
16271384 18986
16278177 111413
16296154 40848
16299932 39398
16306667 26391
16311465 42800
16316215 8395
16332435 111413
16340535 23239
16353456 70457
16357818 20314
16359884 8868
16361891 28786
16365198 42761
16365574 23460
16366204 27494
16376214 27967
16380565 38436
16387831 70457
16388450 16384
16408993 29626
16410248 19988
16421915 70457
16431735 20314
16435086 27713
16435570 70457
16441025 39398
16459780 18441
16462542 22491
16463121 38202
16469292 34684
16473577 18441
16486484 20314
16486819 26391
16503078 23460
16509812 42761
16511060 42800
16512721 34684
16535007 19988
16536046 40848
16536395 38202
16548235 38436
16550893 32547
16553668 42800
16561040 29167
16565803 18986
16566281 29167
16568739 40848
16570601 10325
16573556 18986
16610758 27713
16620673 70457
16642234 42800
16642271 27444
16643142 28959
16647529 20314
16655418 38202
16673088 29167
16692909 29167
16696795 23460
16712734 38436
16713726 29626
16731267 29626
16740424 70457
16778099 29626
16781645 27967
16793426 18441
16797684 40848
16813119 16384
16813335 11466
16826103 23460
16854768 32547
16866701 70457
16884084 111413
16903675 28959
16924971 39398
16949542 42761
16961346 26391
16978711 41064
16980348 29626
17003260 29492
17012371 39398
17045603 41064
17047658 12967
17070233 38202
17087608 23460
17095514 42800
17096607 20314
17106313 29167
17122235 42800
17134680 23460
17164609 40848
17173385 29626
17175032 29492
17184753 34684
17189349 39398
17196858 42761
17203529 38138
17211476 23239
17212102 39398
17213042 29626
17215611 10325
17218975 20314
17224144 10793
17224679 16125
17226710 26313
17235271 111413
17239871 29492
17242176 20314
17247758 20314
17260920 27494
17267504 20314
17271375 16125
17273245 18986
17282836 27967
17285379 22491
17286754 34684
17287789 27967
17289329 23940
17291872 39326
17315676 39398
17333183 42800
17347072 27967
17348862 38138
17350922 18986
17353311 34684
17370716 26313
17376853 28959
17392436 32284
17402055 39398
17408106 8868
17411600 22491
17425061 27713
17425482 22595
17428490 111413
17448055 29167
17450037 19988
17458151 27444
17474698 16125
17481654 70457
17485622 111413
17504449 38202
17514060 38202
17520769 28175
17530879 27967
17538658 26134
17545045 18570
17571304 39398
17613615 23239
17627598 16125
17627923 32547
17631894 18570
17638609 70457
17653335 23940
17668182 28786
17680514 111413
17682880 16125
17688020 26313
17691626 26313
17705155 42761
17713530 24749
17723638 18570
17781323 32284
17787137 27444
17827668 8395
17830297 16035
17853840 38138
17856741 70457
17867549 34684
17871632 39326
17872106 34684
17876289 70457
17886409 29167
17897015 16125
17901352 39398
17903693 16125
17904132 70457
17904771 27713
17909289 23460
17918126 10325
17923357 42761
17933694 39398
17934648 35082
17936045 26134
17944928 28959
17961876 111413
17972520 26391
17973160 27713
17975646 26134
17979038 38202
17994905 39398
17999374 27033
18000311 20314
18008770 21801
18010946 19988
18019511 24749
18030440 26134
18112017 111413
18160287 28175
18170976 27967
18177617 39398
18180430 39326
18185185 32284
18207302 39398
18218876 28959
18232161 27713
18234407 32547
18256895 70457
18260537 23940
18278007 70457
18286280 24749
18296291 14155
18319819 20314
18323168 26313
18330547 29167
18344031 54329
18363295 42800
18382684 111413
18413733 29167
18446580 32284
18472958 40848
18478188 38202
18489879 39398
18493893 42800
18494217 16125
18500628 32284
18508354 23460
18519197 41064
18520523 39326
18522902 26313
18531818 42761
18545760 41064
18560670 23460
18564754 22491
18567205 29492
18581249 28175
18583102 27967
18590502 39398
18595894 27967
18599294 38138
18600358 28175
18605997 27713
18615149 38436
18619656 23239
18632288 29626
18644968 70457
18654401 111413
18654736 38202
18665302 28959
18667125 111413
18673335 16384
18690681 39398
18700916 34684
18706036 70457
18711573 23460
18724042 70457
18724094 16384
18731326 39398
18739139 40848
18741793 27967
18743503 39398
18745546 29492
18748221 27033
18757469 39398
18775412 28959
18777219 39398
18817363 38138
18818183 23460
18825537 23940
18834681 38138
18850810 8868
18859988 39398
18875713 27713
18885841 23239
18895192 32284
18913022 26391
18925633 40848
18946913 70457
18947211 39326
18953865 40848
18961764 70457
18968947 23460
18972540 29626
18980714 111413
18981185 39326
18994582 29492
19004202 23460
19018170 18441
19020064 16384
19025635 19988
19042352 23460
19052978 38138
19054117 27713
19064760 39398
19067876 28786
19073188 70457
19086955 34684
19087569 111413
19105391 38436
19124918 42761
19127931 32284
19141331 38436
19150863 38202
19163322 39398
19177321 38436
19191261 26313
19208115 20314
19228028 11466
19237217 12967
19238906 38138
19250982 8868
19251067 38202
19269605 19988
19276407 16384
19277432 38202
19282861 36474
19289213 28959
19305016 28959
19325156 32284
19329119 28959
19332843 18570
19334693 32547
19355997 70457
19370552 24749
19370834 20314
19372266 32547
19376621 18441
19386681 27713
19400723 26134
19404372 8868
19408917 39398
19413548 16035
19417482 27713
19501688 22491
19502792 27494
19515547 18986
19519691 27967
19522898 42761
19526055 27494
19530323 27967
19532910 38138
19540014 28959
19544641 27713
19568195 21801
19582633 40848
19584890 54329
19599971 28959
19606814 27967
19609867 16125
19609919 70457
19615041 22595
19623442 38138
19637469 38202
19662427 16384
19663967 70457
19674838 22491
19694017 39398
19700182 39398
19703457 22595
19706124 16384
19708014 32547
19713156 28959
19713631 29167
19720462 29626
19739835 29167
19747448 53679
19750015 111413
19769739 39398
19776974 42761
19785585 20314
19794285 16384
19797981 34684
19804081 16125
19811609 36474
19812423 32547
19836454 34684
19838249 20314
19844568 28175
19885701 18986
19893124 20314
19899190 36474
19899510 28175
19901227 23460
19903205 36474
19903208 70457
19908004 20314
19917556 16384
19948573 38138
19952838 70457
19961365 54329
19967903 29626
19979812 28959
19981227 53679
19984278 29626
19988777 32547
19990791 29626
19994341 70457
20015346 28175
20033593 16384
20036949 27494
20045521 18986
20045543 16035
20068929 34684
20084572 42800
20099265 28959
20103329 8395
20111575 16125
20121679 27444
20122221 42800
20146362 23460
20148767 28175
20159038 111413
20159466 32284
20169904 34684
20187481 34684
20188142 26391
20189358 22491
20197308 19988
20198359 34684
20201663 26391
20207284 38436
20232506 16125
20270551 42800
20273524 39398
20277689 23460
20279691 29626
20304853 18441
20309170 38138
20312339 28786
20315608 29626
20345553 28959
20367157 22595
20369076 53679
20375463 23460
20376295 35082
20388645 39326
20423758 23940
20424174 29626
20425451 12967
20427311 16384
20462308 29167
20462472 70457
20471797 32547
20484562 27494
20502990 41064
20523544 70457
20524211 39398
20547464 22595
20567743 19988
20578180 39398
20589545 111413
20596089 111413
20597033 29167
20622037 36474
20628897 70457
20630115 32284
20635740 40848
20636507 54329
20684189 41064
20704896 22491
20709304 16384
20709867 27713
20710243 23460
20719352 39398
20722055 39326
20722058 70457
20727307 32284
20755242 27033
20760900 35082
20778341 23460
20779530 28959
20801287 22595
20801656 26391
20839045 53679
20846431 21801
20851309 26313
20852376 27444
20861531 18441
20902211 18441
20905391 23460
20915945 24749
20948968 41064
20965593 27713
20980710 8395
20983674 42761
20993636 111413
21030912 34684
21041485 29626
21046062 36474
21053067 70457
21060018 38138
21076982 38436
21098332 32284
21101306 70457
21116497 38436
21118639 12967
21123463 111413
21129210 38202
21132814 39398
21146604 70457
21150134 27967
21155715 70457
21158707 26313
21181098 27967
21183653 28786
21185946 36474
21189983 23460
21196712 18986
21209715 27967
21268970 34684
21292459 32547
21300445 19988
21301115 23239
21307141 28959
21314511 111413
21321328 29626
21328509 34684
21330040 54329
21336378 23239
21337584 28175
21353138 18570
21360272 39398
21406522 38436
21413424 26313
21429180 30322
21441402 29626
21444864 70457
21445423 35082
21452531 38202
21459608 23460
21472106 38138
21492345 19988
21507298 27713
21519544 20314
21520942 39326
21528270 27967
21534048 27713
21537255 38202
21538411 28175
21559476 23460
21576571 16125
21588515 32547
21589347 18441
21594379 54329
21605188 39398
21605332 8868
21616696 38138
21620942 27967
21643162 38202
21646269 54329
21653805 34684
21654739 38202
21658084 70457
21671483 10793
21675380 26313
21677737 26313
21678847 23239
21683408 27033
21704370 32284
21724904 38202
21724979 39398
21737196 10325
21790157 38436
21791412 26313
21801379 8868
21807663 16035
21824894 70457
21862498 41064
21873507 38202
21903854 18570
21905069 20314
21914666 70457
21926446 28959
21956433 28959
21987994 39326
21989893 38202
21990968 11466
21991834 39326
22003534 23460
22015085 27444
22016311 23940
22016829 27494
22023038 32547
22026086 39398
22035690 38202
22055131 40848
22062236 20314
22062347 40848
22087356 29167
22099524 27033
22105141 32284
22119653 28959
22126462 27713
22132662 34684
22143184 38436
22147683 41064
22206952 32547
22230503 16125
22255290 29167
22258129 39326
22269277 29492
22277505 16384
22292136 38138
22292802 21801
22306798 70457
22308143 19988
22308807 29492
22326076 23460
22331935 21801
22364420 24749
22365757 39326
22384537 32547
22386505 19988
22392670 27033
22395042 34684
22397760 18441
22411522 27033
22412456 28959
22414165 27967
22417606 18570
22418280 28959
22438099 38436
22455550 34684
22483446 27033
22484601 27713
22497445 39398
22522015 10793
22527832 29492
22532695 16384
22540848 70457
22551442 54329
22552127 23940
22553049 29167
22638297 26391
22648720 27967
22675235 8395
22678437 27967
22695176 42761
22733978 23460
22734685 70457
22753777 20314
22757063 35082
22759776 34684
22780321 23239
22791602 70457
22798817 8395
22803383 18441
22811855 53679
22813781 18570
22866991 27713
22874765 35082
22901655 16035
22918025 38436
22927820 10793
22942662 27444
22996661 39398
23014458 32547
23030772 27713
23046293 42761
23054053 54329
23056764 26313
23079294 23940
23093847 16125
23114086 29492
23130850 19988
23135171 19988
23139576 16035
23166480 38202
23172714 29167
23183632 22491
23200123 8395
23227048 27713
23231628 18986
23236652 21801
23243608 54329
23245842 29167
23259960 38202
23261818 29492
23286287 28959
23301473 38138
23306658 27713
23318459 32284
23366884 27713
23390054 40848
23391280 39326
23429434 70457
23457727 28175
23463416 28175
23501941 26313
23507486 70457
23521815 20314
23550149 23940
23582059 10793
23672815 18986
23680234 27494
23699344 22491
23731663 32284
23738723 34684
23790335 27713
23809263 70457
23821137 23460
23829669 11466
23838162 23940
23842096 111413
23855472 29492
23871618 70457
23872502 39398
23906382 39398
23932336 28786
23947533 29167
24002548 16384
24041929 23460
24043343 39398
24063130 23239
24089881 18986
24111331 26391
24144564 111413
24155608 27033
24171146 111413
24185174 29492
24224472 26134
24265224 23460
24273937 11466
24328167 28959
24342701 10325
24347705 21801
24359784 26313
24367423 26313
24374725 27033
24414384 26391
24421083 54329
24452416 36474
24474900 111413
24499372 18986
24506210 38436
24506807 20314
24531906 34684
24550270 36474
24591732 11466
24603380 16384
24638045 23239
24648125 10325
24655529 111413
24679290 42761
24726056 26391
24727763 18570
24756949 26313
24778561 70457
24816306 39326
24848284 29167
24862975 32547
24904298 26391
24905746 27967
24906043 10793
24928608 23460
24997038 38138
25127782 111413
25156861 20314
25179302 38436
25207110 32547
25207713 27713
25217870 18986
25221662 11466
25281063 54329
25283577 16125
25302469 36474
25333702 26313
25359130 32284
25440813 38138
25470007 27713
25472251 38202
25472283 29167
25474321 29167
25532795 29626
25566849 34684
25570989 40848
25584668 20314
25598369 8395
25600495 14155
25665473 29626
25673073 23460
25707404 8395
25743108 29492
25753390 26134
25766090 28175
25769025 14155
25792467 111413
25809928 20314
25812271 12967
25858488 32284
25861687 27494
25944377 18986
25946293 70457
26004462 28175
26025376 30322
26038365 39398
26062974 23940
26078074 41064
26081268 39398
26094424 54329
26095353 22595
26096243 54329
26112340 53679
26141748 30322
26173057 23460
26197030 38138
26202384 26313
26207815 29626
26273297 28959
26279267 24749
26279847 111413
26297738 10793
26299417 32284
26319510 26134
26327271 39326
26371238 38202
26413584 27967
26449496 29626
26486758 70457
26517371 23460
26534347 39398
26538833 53679
26541858 38436
26542150 70457
26570526 20314
26598062 23940
26599754 27713
26618541 27713
26636092 40848
26659619 26313
26699916 36474
26718847 34684
26763146 38138
26789000 23940
26819618 19988
26837342 23460
26849137 32284
26981693 8868
27043171 42761
27048061 27033
27063447 32547
27101647 38436
27140994 20314
27189054 29492
27211922 40848
27220958 16384
27259632 54329
27261655 30322
27292903 14155
27295505 26391
27323975 34684
27338663 32547
27384200 42761
27455979 26391
27458381 20314
27464262 16035
27501767 23460
27520776 27033
27530698 27033
27607931 16125
27614513 42761
27637581 27713
27637983 19988
27646519 38138
27661739 32547
27703484 70457
27790493 32547
27794779 27713
27819334 27444
27823555 111413
27844169 28959
27850283 111413
27878807 54329
27883652 34684
27891081 23239
27898063 41064
27898335 27444
27911541 32547
27919892 111413
27925583 23460
27944843 30322
27946350 27713
27962922 23239
27995447 12967
28080271 27967
28083466 8868
28088385 39326
28095603 34684
28096353 27967
28110028 39326
28114792 16125
28121536 38436
28152504 70457
28171553 54329
28184604 42800
28194715 40848
28228210 26391
28278182 27713
28282008 14155
28285073 10325
28301820 39326
28315433 54329
28321091 40848
28355343 11466
28395626 39326
28410099 27713
28506655 27033
28557583 34684
28581534 16125
28675202 111413
28685447 29626
28701477 23460
28837388 27713
28861486 27713
28868064 27713
28877524 18570
28909490 23940
28911599 40848
28951614 23239
28973662 8868
28979933 38436
29001631 70457
29011788 54329
29041376 18570
29114811 35082
29133079 32284
29156338 39326
29186774 111413
29197895 38202
29241472 26313
29242493 11466
29261049 23460
29267621 10325
29275425 42800
29276070 26313
29327918 22491
29348929 32547
29350698 39398
29365893 16125
29378322 38436
29440635 26313
29481182 27444
29510182 42761
29529419 23460
29537218 26313
29542178 41064
29558580 24749
29620091 34684
29628190 42761
29640708 32547
29661640 32547
29875653 22491
29904455 26134
29961042 22491
29989160 16035
30016598 23940
30034348 23940
30053341 12967
30095547 16384
30173146 16125
30205169 34684
30232170 11466
30297423 70457
30325563 16035
30352605 27967
30383377 32547
30391094 16125
30414967 28175
30417438 38436
30443185 39326
30628243 29626
30715756 12967
30720488 18986
30736104 29167
30765474 22595
30825933 23239
30867963 70457
30929667 27713
30956008 23940
30972505 18986
30997620 28959
31008861 54329
31011653 23940
31072243 29626
31086182 8868
31110528 39398
31123722 34684
31139417 39398
31163147 42761
31168494 10325
31173747 19988
31205466 10793
31254762 27713
31324260 42761
31375142 38138
31449448 22491
31542750 10793
31583731 26134
31586589 27713
31685921 10793
31849621 26391
32124202 26391
32126283 18441
32144313 70457
32181436 29492
32231042 40848
32255402 42800
32305417 42761
32306875 38436
32309532 38436
32344005 10793
32351769 28175
32443629 23460
32458177 8868
32532879 27967
32609491 23940
32644211 18441
32692839 54329
32719726 29492
32761356 41064
32793586 16125
32825692 18441
32946208 29626
33112438 23940
33124550 14155
33159299 16384
33171981 38138
33176951 40848
33246687 23940
33258186 26134
33273859 35082
33278575 39398
33436013 42761
33614366 29626
33621572 42761
33640525 10793
33660578 26313
33668223 111413
33710468 10793
33745309 27967
33788143 18986
33826996 38202
33847273 28175
33853100 28175
33937288 10793
33981209 26313
33985243 20314
34023095 30322
34044673 23460
34061850 38202
34093735 70457
34118767 16384
34235657 29626
34242760 16125
34313064 22491
34319439 23460
34345412 38436
34360895 10793
34375766 38202
34378873 27444
34410151 27967
34421363 53679
34456600 14155
34538484 28959
34564935 53679
34687492 38202
34759046 53679
34781127 29626
34930367 53679
34962078 38436
35021530 20314
35021609 29626
35023375 27713
35151983 10793
35163752 27033
35164508 70457
35178724 20314
35215409 38202
35249071 111413
35267758 10325
35289793 10793
35305702 26134
35373226 27967
35408113 27713
35451063 29626
35467336 42761
35499935 26391
35528283 8868
35708643 42761
35793326 38138
35845866 10793
35851172 38138
35905452 34684
35963134 27444
35967567 111413
35980329 23940
36040783 42800
36043914 28959
36150464 27713
36158775 38436
36193376 20314
36193531 22595
36242725 27033
36268468 27713
36320459 28786
36351169 27713
36456853 18570
36497265 38436
36583160 23940
36587029 10793
36623784 27967
36655103 39326
36753271 23940
36765236 18570
36909762 38202
36911384 14155
36916095 32547
36973456 27444
36978480 70457
36990136 29492
37000922 27713
37034623 28959
37054313 29492
37136084 10793
37145378 34684
37180354 29626
37217513 8395
37268030 41064
37442005 32284
37466168 26313
37573529 27967
37644745 26313
37654447 28175
37716611 42761
37718193 26313
37745339 21801
37754453 29626
37757641 16035
37764499 70457
37820650 19988
37931860 29167
38109300 22595
38113243 26134
38126646 42761
38203764 27444
38236942 39398
38345058 70457
38371810 21801
38474144 27494
38476660 27494
38535659 29492
38671387 111413
38682876 32547
38724937 32284
38749185 29492
38778151 42761
38783247 53679
38837768 35082
38850052 23460
38879191 70457
38894524 29626
38916012 28959
38956248 20314
39014763 38436
39025311 36474
39076799 27967
39109611 29626
39132430 14155
39201607 23460
39226263 28175
39504922 27713
39508090 24749
39547042 53679
39580602 35082
39592679 27494
39604299 16384
39687563 27033
39695537 16125
39795071 34684
39805956 39398
39850032 16125
39890603 42761
39904933 29167
39927811 38138
39938584 10793
39996609 16384
40065717 29626
40106620 16125
40136559 27033
40146362 27967
40215071 42761
40237359 39398
40275203 38138
40346393 23460
40379420 39326
40441464 27967
40451514 10325
40464134 54329
40471085 10325
40597963 29167
40615469 16035
40667170 53679
40668957 27967
40678646 10325
40681562 41064
40847902 34684
40849582 35082
40852176 23239
40879822 27033
40946073 23460
40950499 41064
40964189 27967
40972828 39326
41015592 27713
41024036 10793
41041608 23460
41052032 20314
41077896 32284
41202453 23940
41211498 26391
41224024 22595
41232856 42761
41350158 39326
41389607 21801
41399866 27967
41469953 35082
41485160 16384
41501664 35082
41578097 16384
41580772 42761
41581865 32547
41654083 29626
41663357 18986
41678437 8395
41697270 27967
41701156 36474
41765866 39326
41772430 39398
41773351 11466
41863768 27713
42010704 70457
42023566 27444
42122801 29492
42127601 22491
42262329 22491
42318605 35082
42345540 111413
42386335 38436
42395209 27967
42398030 27713
42457516 27967
42517368 18986
42590116 29626
42597224 18570
42608562 16035
42687561 34684
42717963 22491
42789804 27033
42934299 27033
42966299 29626
43000429 18441
43023141 27713
43023162 29626
43048923 27033
43090822 30322
43108558 111413
43137284 70457
43137390 8868
43167906 27713
43178742 27713
43317287 28175
43321736 34684
43414370 40848
43440489 27713
43597987 53679
43665101 34684
43712454 23940
43800927 21801
43874739 34684
43887293 32547
43896335 26313
43995095 26391
44027345 26313
44046926 34684
44077847 26134
44105049 27444
44141588 32284
44216646 29167
44286050 23460
44306717 30322
44327698 10325
44339167 22491
44352445 42761
44352730 26134
44413100 42761
44479382 8868
44557860 38138
44594237 39326
44717192 28175
44723103 32547
44903566 34684
44917865 23940
44974886 19988
44983413 27444
45134906 18570
45193857 27713
45229038 27967
45230420 28959
45270618 27713
45272994 20314
45287308 23940
45289171 32284
45292469 29492
45334059 27494
45353194 16384
45394414 27967
45474733 26313
45540215 27713
45543629 24749
45569822 22595
45755934 18570
45791119 29626
45807337 23940
45813552 23460
45832855 18986
45833784 29167
45849110 38202
45877535 24749
45917770 24749
45949970 53679
46000530 10325
46001274 27713
46011010 27967
46102088 32547
46119689 23460
46146610 27033
46202465 16384
46210618 27967
46330223 42800
46409622 70457
46515781 26313
46549541 19988
46551220 42761
46563758 27713
46590423 19988
46630901 42761
46640857 38202
46839099 38436
46898247 18570
46908335 28959
46938697 29167
47026904 35082
47036597 21801
47059477 27444
47116836 54329
47164268 38202
47164308 11466
47177618 54329
47209660 38436
47278732 23460
47347756 20314
47374474 32284
47379036 18570
47396492 36474
47468867 39398
47627545 27967
47661161 16384
47680093 24749
47719591 41064
47760321 28959
47760901 26313
47766741 27444
47780567 32547
47811039 16384
47854252 26134
47879011 27494
48005481 23460
48121759 38436
48196130 30322
48230299 29626
48298166 27713
48316675 27967
48330913 32284
48383641 41064
48410108 34684
48462498 18986
48475214 38436
48621403 27033
48637059 27967
48702323 42761
48764472 39326
48790588 28786
48817631 10325
48916072 70457
48948901 30322
48981089 34684
49007566 16125
49058738 22595
49103856 26313
49147126 38436
49217079 42761
49229571 29167
49270554 54329
49369096 38436
49388157 27713
49423767 11466
49522996 40848
49528887 39398
49549690 41064
49593340 22491
49616509 28959
49620161 38436
49758370 18570
50052893 28786
50091515 27033
50276119 23460
50311428 70457
50353610 26391
50407610 30322
50553953 28959
50594076 40848
50767004 70457
51004396 41064
51028602 26391
51042099 34684
51138891 36474
51146127 21801
51279975 39326
51374242 32284
51408109 42761
51428082 26134
51439426 32284
51488681 39326
51550591 23460
51617418 27494
51728885 24749
51887448 8395
52106190 28175
52183538 26313
52243165 38202
52244512 8868
52328502 111413
52338428 29167
52343373 23460
52372857 38436
52379675 42761
52403205 54329
52414010 111413
52415624 16384
52479932 70457
52501319 32284
52580204 28959
52617475 54329
52618291 32547
52636334 54329
52714880 28786
52772486 38138
52818271 10793
52825386 38202
53087832 28175
53112231 53679
53117012 29626
53158080 70457
53294496 23460
53328909 38202
53330122 16035
53344767 42761
53505527 26134
53521251 29167
53554630 30322
53592977 38436
53694830 10325
53705028 38436
53809358 38202
53892115 27967
53896641 42800
53897366 28786
53964997 27033
53970109 38436
54035090 32547
54094839 23460
54098031 42761
54152997 10793
54168151 29167
54207127 27033
54322088 24749
54351209 8395
54382660 38202
54515428 111413
54574685 12967
54765051 16125
54798894 32547
54859187 16384
54946852 20314
54952401 28959
54995303 27494
55029240 27713
55050519 27494
55076934 27967
55202018 38202
55241100 21801
55262062 28175
55264382 39326
55356697 41064
55494183 12967
55517857 34684
55551763 42761
55559792 32284
55580094 27967
55622429 10325
55638388 53679
55647853 10325
55724661 23940
56100720 29626
56105138 29626
56252334 23460
56256454 34684
56299644 22491
56341866 8868
56417618 53679
56459015 111413
56672728 28959
56737608 38436
56967616 40848
57049755 18441
57107363 22595
57190967 23940
57257685 10793
57325223 20314
57353465 42761
57387479 53679
57398601 18441
57484118 10325
57664879 23940
57761145 42761
57914321 38202
57921146 16125
58024035 29626
58029111 53679
58044054 27713
58049666 28175
58077555 10793
58139062 18570
58384562 41064
58412174 22595
58497916 20314
58528442 70457
58747908 38202
58777155 70457
58816266 10325
58910079 16035
58984641 26313
59038785 42800
59038993 54329
59131660 54329
59162927 32547
59211661 22595
59222022 54329
59258636 28959
59269956 111413
59311659 28959
59347053 39398
59379157 38436
59429658 8395
59451973 21801
59507630 10793
59520228 27033
59546320 38138
59749780 38436
59769295 38436
59813440 27033
59832288 23940
59927806 32547
59955964 32284
60091752 53679
60227223 29626
60235802 29492
60261918 27494
60264855 10793
60276020 28959
60343171 32547
60372499 10793
60374727 27713
60453148 29492
60459204 38436
60485024 28175
60497938 32547
60766552 29492
60805414 32284
60827889 27033
60853331 40848
60858042 111413
60916234 111413
61124590 40848
61218621 27713
61222995 42800
61226071 26313
61366407 11466
61377731 23940
61432006 10793
61489291 111413
61561560 11466
61568346 32547
61581545 27967
61656223 23940
61730566 27967
61737065 27967
61829128 40848
61867377 22491
61891024 34684
61992164 42800
62079670 29626
62317202 29626
62332133 10793
62334267 23940
62334712 11466
62538550 21801
62752014 40848
62771219 21801
62786797 42761
62882364 23460
63011561 21801
63044592 34684
63141334 27494
63362616 8868
63377455 27967
63383118 32284
63403004 30322
63575064 12967
63672414 26313
63690638 21801
63714228 24749
63754318 70457
63791503 16384
63947223 39398
63950661 38138
63999108 8395
64004265 39398
64219325 41064
64230414 27494
64311929 20314
64323055 23460
64372167 28786
64395876 30322
64396655 111413
64420952 34684
64422425 29167
64491747 27444
64497513 24749
64529393 22595
64563502 23239
64629491 39326
64634562 28175
64706269 38138
64781576 35082
64850810 27713
64887871 20314
65101448 32284
65214004 54329
65325688 26313
65350502 18570
65387315 16125
65392349 26391
65409506 24749
65422486 11466
65433609 23940
65444827 70457
65586562 30322
65733108 42761
65736773 34684
66134312 54329
66171400 35082
66272071 32284
66398413 18441
66454873 27967
66520463 27967
66546955 39398
66630522 28175
66667168 32284
66669646 23460
66715513 28959
66752245 42800
66803405 23239
66884253 8395
66915935 10325
67090361 27713
67213908 26313
67217827 27033
67303711 28959
67516281 32284
67545524 38202
67624377 28175
67638365 18570
67771869 32284
67801370 10793
67801502 38436
67884787 70457
67900625 38138
68087482 39326
68139427 38202
68289618 32284
68324403 42761
68353033 40848
68369864 27033
68400904 26134
68452445 111413
68472905 70457
68488025 29626
68856307 23940
68874416 21801
68897703 41064
68937484 18570
68995519 111413
69050763 111413
69109112 14155
69149954 38138
69185480 10793
69283841 18570
69355138 18570
69604343 27033
69613510 38436
69673536 28959
69682148 35082
69696145 23940
69697058 20314
69725464 40848
69970164 38436
69999323 18441
70009885 38138
70058250 29492
70076405 39398
70162556 22491
70194172 24749
70225850 38202
70434280 23460
70438567 26391
70657386 27967
70681205 29492
70720218 26391
70870562 28959
70894913 111413
70955554 27444
70976683 38436
70992437 42761
71000798 28786
71004153 10793
71011638 11466
71026338 22595
71048020 41064
71088678 27033
71173243 38138
71227898 39398
71336473 16384
71371802 27444
71396558 70457
71571540 38436
71595757 28959
71651125 54329
71735143 40848
71749925 32547
71818061 36474
72018958 42800
72122621 27967
72152989 27967
72167910 22491
72652039 111413
72655429 28959
72663989 111413
72734777 32284
72824493 16125
72981509 10325
73144342 27713
73188066 21801
73212270 70457
73224784 27967
73430108 38138
73588005 23239
73739382 42761
73768708 29626
73837716 38436
73962251 27033
74035167 22491
74115714 29626
74126801 29626
74171662 39398
74362846 16125
74557359 10793
74698208 27713
74759701 27967
74992611 42761
75056668 28786
75148597 38436
75327069 16125
75353853 26391
75368488 8868
75443458 111413
75687820 10793
75725656 40848
75781305 41064
75789668 32547
75793726 16125
76170772 54329
76254814 23460
76329453 29626
76333742 39398
76388368 38436
76446235 22491
76567984 22595
76929156 27967
77152667 18570
77173022 32284
77180512 42761
77211534 70457
77211569 8395
77298060 111413
77361532 10793
77415134 42761
77493676 38138
77680239 30322
77723760 40848
78068258 38436
78107876 16035
78129418 38436
78192653 32547
78288616 36474
78366944 23460
78441787 10793
78566356 21801
78664869 32284
78731567 22491
78785169 40848
78897599 111413
79139306 38436
79233608 28959
79392777 30322
79403980 16384
79417386 42761
79467288 36474
79501177 29626
79538158 40848
79662799 32547
79713116 29626
79999731 54329
80112314 8395
80127314 18441
80167604 30322
80475670 111413
80515826 27033
80838047 34684
80924527 34684
80970794 27967
81059520 18441
81345478 27967
81355605 20314
81394586 27967
81405394 42800
81516172 23460
81644843 20314
81813120 38436
81846347 29167
81911491 29626
81916001 22595
81989455 38202
82062932 28959
82196496 39398
82209814 29492
82395011 23940
82413529 70457
82433551 27967
82440527 32547
82492605 35082
82651414 23460
82797119 111413
82880822 28786
82919992 70457
82938733 32547
83024273 16035
83060542 10793
83181660 23460
83204556 27713
83503806 32284
83598384 21801
83623722 38436
83672576 29167
83776951 26134
83803127 41064
83973439 29492
83993082 18441
84013119 54329
84023143 38436
84063255 18570
84097821 27713
84115014 16384
84121660 27033
84251825 18570
84281580 32284
84470304 42800
84615957 28175
84921230 24749
85002667 32547
85140518 28959
85156794 53679
85161517 32547
85212076 39398
85290305 28959
85592534 28786
85807957 34684
85895033 14155
85949928 29492
86064583 34684
86080001 70457
86400123 42800
86584102 22595
86775308 21801
86850183 32284
86901083 39326
86921288 30322
86952253 53679
87065358 27033
87093391 38202
87171045 26134
87173823 23239
87184736 18570
87452316 39326
87453616 29626
87472322 34684
87483389 70457
87511453 27713
87633724 27967
87638057 38202
87648151 28175
87771543 20314
87798905 34684
87834790 27713
87851212 28786
87883858 42800
87914757 28175
87946197 27444
87948171 42800
87957969 29492
87983710 27967
88015655 27967
88066262 28959
88391413 32284
88397955 10793
88440274 32284
88545505 70457
88668315 16125
88706545 38436
88807579 21801
88809094 70457
88896191 39398
89001992 27494
89043431 27713
89130352 12967
89219961 38436
89265397 27033
89318263 27033
89379093 30322
89419214 18570
89445915 28786
89480489 34684
89666235 54329
89670271 40848
89772012 29626
89785463 54329
89790347 26134
89820175 10325
89862567 26391
89938482 22491
89981025 32547
90043046 42800
90110339 29492
90111803 30322
90245780 38202
90258313 28959
90271739 27967
90291137 38138
90412756 34684
90507401 32284
90674891 28959
90711272 38138
90757514 29167
90849534 38202
90852895 32547
91010164 11466
91045781 26134
91114344 70457
91199981 34684
91211167 39326
91217312 32284
91388077 42761
91492097 29492
91591930 27713
91805813 40848
92012321 29167
92072165 38436
92201899 10793
92263843 32284
92264739 70457
92278076 27967
92280876 32284
92286096 42800
92297445 34684
92302781 29492
92343268 27033
92499728 38138
92520568 38202
92554641 10793
93007362 27713
93125930 40848
93154510 39326
93253873 18986
93453984 22595
93583621 27967
93958704 70457
93962084 16384
94060600 10325
94103010 34684
94136626 35082
94280943 42761
94291737 22595
94439395 39398
94480861 29167
95064251 70457
95210695 28959
95468980 38202
95504748 23239
95637779 38202
95646830 111413
95679891 29492
95730304 8868
95816316 26391
95849233 54329
96208906 42800
96212797 54329
96243452 10325
96456152 70457
96521355 14155
96584904 38436
96836785 27033
97038388 32284
97043018 29626
97045807 29626
97048666 29626
97201780 39326
97228468 42761
97262082 23460
97300652 28175
97705149 32284
97743434 20314
97853677 36474
98059243 28175
98271290 21801
98294473 28959
98362716 38436
98501301 32284
98501372 28959
98680785 18986
98690805 19988
98733178 10793
98898316 35082
98953549 14155
98975326 26391
99047136 28175
99054450 27033
99121734 53679
99211713 30322
99260540 42761
99475247 38436
99564394 30322
99656267 54329
99701688 27713
99828629 38202
99848269 111413
99921050 41064
99994146 54329
100000839 14155
100035113 29167
100128822 18570
100225557 27967
100298365 32547
100333210 14155
100478177 111413
100624052 32284
100871875 42761
100975958 36474
101008834 39326
101052178 39398
101087105 16384
101201685 29626
101392316 24749
101637827 14155
101642144 39326
101842509 12967
101906582 29626
101932561 23239
101942117 27033
101942908 22491
102312965 22491
102354082 40848
102395417 29626
102614463 42800
102745384 35082
102822052 23460
102923401 30322
102958885 111413
103216811 30322
103365916 32284
103418274 32547
103485912 10793
103583211 27713
103601451 27967
103633920 32284
103667261 27713
103749461 16125
103752526 27713
103770532 38138
103883682 26391
104023575 21801
104231983 20314
104233289 29167
104235384 41064
104310267 54329
104471805 18570
104483046 70457
104509672 40848
104559856 21801
104766607 34684
104779034 27033
104820731 26313
104953441 30322
104976393 27967
105186059 39398
105444584 28175
105569098 22491
105580480 42800
105712785 29626
106031916 18986
106060781 34684
106061594 18986
106218066 38202
106300748 38202
106304898 111413
106399303 38202
106421972 28959
106467319 34684
106541365 27494
106559961 39398
106707617 29167
106721294 27713
106745079 27713
106751639 20314
106933901 34684
107062302 39398
107343647 36474
107693990 34684
107764258 16384
107911169 29167
108020666 19988
108039677 34684
108086169 22491
108104480 18986
108171981 28959
108369602 16384
108371105 39398
108390433 28786
108726332 70457
109298133 8868
109351412 26391
109595174 10325
109664109 42800
109726312 10793
109816206 32284
109946982 27033
110139964 39398
110311829 54329
110370485 30322
110444504 27494
110563648 32284
110831084 34684
110941227 39326
111072713 34684
111078701 10793
111080270 23460
111096811 36474
111127844 22595
111363039 38436
111577393 32284
111642799 10793
111655880 54329
111679596 42761
111697185 38436
111733329 24749
111951565 23460
111964390 16125
111980785 8868
112012008 27713
112243776 10793
112267527 38138
112292072 10325
112314373 20314
112474893 30322
112532446 30322
112607220 18986
112719897 29626
112735975 26313
112804820 10793
113052624 54329
113157695 28786
113234873 39398
113339964 23239
113431178 23460
113538329 18570
113611014 41064
113618815 40848
113728763 14155
113769113 27033
113872314 14155
114274586 18441
114323684 28959
114361154 38436
114513111 39398
114833451 27713
114839841 23239
114843529 29492
114868596 21801
114965806 42761
115143572 32547
115145390 111413
115158614 32547
115239007 42761
115265486 39398
115524710 23460
115738223 28959
115793508 29167
115861027 23460
115937095 20314
115946222 36474
116015899 10793
116143725 11466
116225175 12967
116327972 11466
116330021 28786
116393698 30322
116855631 16384
116869455 42761
116910876 30322
116974415 23940
117027069 54329
117081653 42761
117090273 53679
117162071 32284
117493498 10793
117612065 16384
117775010 32284
117937857 38202
118044627 27713
118253507 28959
118380026 32547
118421424 26134
118496420 26134
118522257 29167
118531919 39398
118704754 16384
118843973 40848
119140766 26313
119440957 27444
119446124 38202
119455170 28786
119463536 39398
119508124 38436
119772218 42800
119844746 23940
119922198 8395
120103615 16125
120115069 39398
120136741 16384
120241483 30322
120259379 14155
120324379 36474
120525935 23460
120552290 38202
120800513 21801
120825309 38436
121092212 26134
121095938 27494
121178887 39326
121219077 29167
121275214 34684
121388315 111413
121464706 8868
121483664 111413
121487921 42761
121591699 53679
121818021 34684
121979481 10325
122010361 18570
122365126 21801
122400455 27967
122419412 28959
122571851 38138
122807345 53679
122931072 28959
123213082 27494
123215575 38202
123314680 19988
123448695 39326
123461813 27494
123552352 28175
123783578 40848
123921609 18986
124109180 39326
124148726 26313
124170781 111413
124191296 53679
124434890 39326
124527641 27033
124639983 38138
124673587 24749
124845582 29167
125070064 42761
125097053 20314
125210835 16035
125311569 10325
125346101 32547
125542530 27494
125715373 22491
125737111 27494
125912050 21801
125924563 28959
126034403 32547
126101237 36474
126120400 39398
126274242 27967
126352267 29626
126392052 16125
126657041 42800
126694956 34684
126731258 39326
126767130 27713
126815048 16125
126848351 32284
127021148 27713
127131276 38436
127252656 26313
127314177 26134
127373008 42761
127463077 29167
127675825 27444
127824172 41064
127825474 27444
128319012 32284
128429885 27967
128587304 10793
128669747 24749
128954148 18441
129387638 29492
129407086 27967
129684894 39398
129878977 39326
129891473 10793
129949003 10793
129974530 27713
130020876 16384
130181410 27494
130307688 41064
130368885 32547
130482170 26391
130612578 38202
130616536 27444
130980530 21801
131057440 41064
131229750 26313
131231369 28786
131437573 34684
131568993 10325
131655881 38202
131683080 28786
131703129 39326
131928776 29167
131970620 111413
132170123 111413
132335422 22595
132456955 42761
132585428 8868
132611900 38138
132618782 27494
132912066 21801
133065990 28959
133236916 111413
133469917 54329
133495114 38436
133601042 16035
133649917 38202
133838954 26391
133903464 38202
134045494 24749
134164412 38202
134189533 36474
134247724 16384
134301691 53679
134760223 8395
134860875 27494
135059707 41064
135064560 34684
135138933 34684
135156956 21801
135601602 14155
135603201 30322
135629478 38138
135665933 21801
135667511 29626
135812728 39398
135939198 21801
136295452 23940
136307663 27494
136405744 53679
136667077 21801
136804158 10793
136960381 38436
137107733 11466
137268879 20314
137718362 29626
137831069 29626
138007009 26134
138056410 18570
138117356 54329
138529928 53679
138709550 32547
138767511 27713
138807691 10325
138809804 32547
138913462 27713
139041421 38202
139346379 20314
139379542 35082
139575420 11466
139602939 10793
139686076 30322
139686339 29626
140069290 29167
140417276 38138
140434648 54329
140739245 16035
140896913 23460
140926587 10325
141265030 40848
141328091 54329
141372823 29492
141433605 29167
141557866 18570
141848601 22491
141885144 27713
142132930 26134
142157808 40848
142204831 16125
142406798 70457
142679936 16125
142790301 70457
143181108 12967
143417858 38138
143426286 10793
143429940 18570
143491570 23460
143905677 42761
144241477 39398
144287298 26391
144496572 30322
144596361 27713
144612928 32284
144933997 18570
144981009 26134
145014141 38202
145080615 23940
145156815 27033
145552762 111413
145555580 16125
145628577 29492
145717407 30322
145776562 39398
146260476 27033
146475375 18986
146673971 32547
146675033 39398
147117711 36474
147438243 42800
147610819 42800
148124849 27713
148252867 16125
148276866 29492
148291280 22595
148611946 20314
148742695 10793
148759289 21801
149135693 38202
149530314 34684
149654340 12967
149880195 26134
149958777 16384
149960739 16035
150127661 18986
150178039 19988
150183995 16125
150432519 11466
150573486 34684
150723197 42800
150749741 42800
150902135 54329
150922236 39398
150933284 12967
150980013 32284
151116641 23940
151156316 38138
151159122 38436
151275528 16035
151410008 23239
151449109 26391
151476857 22595
151554422 34684
151671388 21801
151911609 40848
151984336 42800
152047537 8395
152173242 8868
152180375 34684
152182267 41064
152305602 38138
152339601 23239
152924989 27713
153006746 23940
153055067 27494
153144325 27444
153163312 41064
153419897 23460
153787355 26134
153801807 39398
153860891 18986
153885607 26391
154034865 20314
154118583 27713
154193995 27494
154465981 34684
154527986 26313
154598866 24749
154649877 42800
154805391 38202
154828581 8395
154831263 70457
154943205 111413
155058544 24749
155197876 29626
155344993 38436
155677853 28175
156288226 111413
156308295 23239
156666152 20314
156774607 12967
157240180 34684
157414226 8395
157773975 8395
157814630 23940
157957001 20314
157970164 38436
158113715 29626
158397224 70457
158607732 26391
158818937 32284
159150527 27713
159649419 54329
159662932 39398
159735538 40848
159767149 32284
160118933 38436
160453133 29626
160738956 19988
161025770 23239
161169071 32547
161234054 22595
161696711 42761
161708314 14155
162341942 42761
162855545 28959
163138364 38436
163192895 111413
163348406 27967
164223084 27494
164251483 38436
164395714 26134
164452062 30322
164512659 10793
164526964 23940
164650525 26313
165140934 16035
165302896 21801
165306832 26313
165717641 36474
165894146 40848
165895243 23239
166140156 8868
166251898 26391
166281785 14155
166704894 16125
166829670 16125
166918253 23460
166973078 27494
167227691 26391
167355482 23460
167492987 8395
167687631 42761
168222153 32284
168592626 38436
168698101 32547
168724253 39326
168784710 23460
168913824 10793
168984636 42761
169303581 22595
169420959 27494
169488561 42761
169890371 36474
170037721 29626
170154716 23460
170499114 16125
170705887 32547
170735331 20314
170982243 28175
171038570 27444
171514298 30322
171550098 16125
171560668 20314
171598663 23460
171822734 34684
171977015 111413
172062178 11466
172112585 34684
172240451 29167
172480550 34684
172565159 26134
172847299 26313
173065787 111413
173089105 111413
173094078 12967
173316659 38436
173408244 28175
173422636 29626
173783002 26134
173836724 18986
173865294 16125
173921051 27713
174043309 27033
174074598 12967
174138799 27713
174438973 39398
174469110 23460
174781177 8395
174834185 20314
175013169 11466
175079994 42761
175168211 70457
175442151 23460
175445113 34684
175761702 8868
175815271 34684
175837292 29167
176065649 38202
176331529 34684
176412636 38436
176418719 8868
176458046 24749
176468814 38202
176564079 27033
176851443 29492
176940232 14155
176983476 27713
176988272 30322
177196607 21801
177254235 70457
177310174 34684
177434330 27033
177441343 38436
177692740 53679
178169158 38202
178193641 26313
178266779 30322
178616971 19988
178668890 32284
179011726 32547
179088237 42761
179432594 11466
179496631 42761
179665689 22595
179861618 53679
179982510 23940
179988812 36474
180103917 27494
180440701 54329
180641088 27033
180756661 36474
180862772 14155
181223534 18441
181357316 27033
181488936 27444
181504282 27494
181606626 29167
182064782 40848
182236076 38138
182365345 39398
182539117 70457
182744200 20314
183523737 11466
183659778 32284
184418618 27033
184757367 27444
184767960 40848
184888863 29626
185317404 40848
185327339 21801
185674493 30322
185699053 39398
185801766 39326
185841400 42761
185896738 27967
186276087 32547
186331491 16384
186360589 70457
187810975 19988
187958140 38138
187987924 27713
188052728 23940
188066112 10793
188219457 42761
188332701 111413
188392637 42800
188441683 34684
188481378 29167
188625961 38138
188661850 32284
188823973 41064
189043184 38436
189140141 27444
189503973 27967
190088045 28786
190183522 10325
190206239 36474
190395002 111413
190440511 27444
190512736 16035
190637272 27033
190993919 16384
191187219 30322
191544160 39398
191572592 39398
191585407 39398
191844827 23460
192342013 23460
193307823 27444
193332688 30322
193354205 32547
193366688 42800
193517224 32547
193600206 29626
193618203 27967
193718294 38436
194071354 28786
194079395 20314
194226183 18441
194336248 29492
194475085 32284
194526740 34684
194599041 29167
194650918 26391
194879438 40848
194994888 10325
195033746 11466
195222305 27713
195301536 27033
195445369 10793
195483255 54329
195496893 18441
195673417 38436
195703137 26134
195891291 40848
196228162 27967
196233639 23460
196262955 38138
196790260 18441
196929913 18570
197098063 21801
197105185 39398
197325020 53679
197401587 16125
197502331 111413
197681237 40848
197809096 34684
198157416 28959
198385563 29626
198455404 27033
198518435 41064
198842125 18441
199103824 24749
199401291 42761
199471808 27967
199649785 27967
199721835 10793
200118480 39398
200139637 38436
200763165 28786
200846819 29167
201089484 8868
201332618 38202
201400030 70457
201647646 27713
202130603 29626
202133442 16125
202375533 20314
202377339 12967
202621304 24749
202780570 111413
203489027 42761
203541784 26391
203872551 28959
204328700 21801
204468204 36474
204640586 23940
204755881 19988
204931436 38138
204970091 26391
205470458 30322
205879845 38138
205991617 28959
206186625 32547
206307515 111413
206749819 29626
207594593 28175
207610289 26313
207888718 26313
208261159 27967
208317924 41064
208462078 41064
208492436 32284
208702735 27713
209150087 32284
209189083 70457
209254117 16125
209257776 28175
209481545 18441
209683480 42800
210209844 38202
210410527 42761
210514698 8395
210643080 8395
210821181 29492
210895239 29492
210949886 27494
211023134 18570
211198906 22595
211276815 27967
211277624 27713
211291276 30322
211354557 20314
211466650 54329
211546067 10793
211948412 111413
212027314 14155
212276965 18441
212792856 26391
213007579 16384
213313705 30322
213324606 18570
213343708 32547
213349383 38138
213593279 39398
213605320 41064
213659079 70457
213706913 38436
213721983 27967
213802264 10793
214146549 23460
214435358 70457
214495946 53679
214525942 42800
214568192 38202
214570426 39398
214969563 38202
214972761 24749
215077954 38436
215229036 34684
215393980 10325
215401693 18570
215484555 27713
215500434 16035
215705550 54329
215815461 26134
216052521 22595
216182602 16384
216212166 39326
216233366 27967
216628590 36474
216646004 70457
216846216 16384
217251099 11466
217459241 38202
217464245 27967
217881040 28175
218108757 26391
218164675 29167
218220224 18441
218523089 35082
218677733 111413
219232476 16384
219249286 38138
219275993 32284
219341297 42761
219369710 22595
219589417 14155
219670627 28175
219693560 11466
219896357 27033
219954770 23460
219988196 32284
220080568 18986
220221638 10793
220308987 35082
220349894 30322
220595307 27444
220837005 26391
220865982 23460
221090386 10325
221437362 27033
221537862 39398
221762534 16384
221864101 39326
222038842 23460
222153558 16384
222395540 36474
222397812 27494
222598514 39398
222616553 26391
222820705 32284
223049592 30322
223235300 10793
223529798 32284
223552246 111413
223724552 29626
223780801 111413
224218174 34684
224280004 22595
224295578 38436
224651220 34684
224692662 39326
224763863 16035
224774032 27033
225016368 38436
225157330 30322
225480278 20314
225939558 21801
226000115 53679
226134100 27967
226239636 34684
226396716 27494
226467560 29492
226598950 29626
226721732 27967
226811498 28959
226815025 16035
226834846 28175
227359765 42800
227419407 22491
227584095 26313
228203181 27713
228222150 14155
228438615 40848
228453332 30322
228803862 34684
228865061 18441
228931788 32547
229063314 36474
229065318 27033
229124622 28959
229812472 38138
229851570 20314
229944730 28959
229945302 28786
229955820 32284
230336557 30322
230507945 16125
230508105 26313
230616646 32284
230749887 8395
230825196 29492
231129762 20314
231139872 22595
231204134 23239
231620993 24749
231804507 38202
231916644 36474
231933290 16035
231969888 8868
232007317 12967
232097280 10793
232282506 10325
232300295 21801
232783631 30322
232998503 29626
233311397 21801
233327254 27967
233395211 21801
233409410 34684
233561717 111413
233589676 26391
233600929 70457
233622815 8868
233623617 38202
233645171 22595
233713259 16035
233820279 29167
233828856 54329
233854100 40848
233949068 34684
233968349 26134
234228312 30322
234639199 26313
234647943 21801
234842337 29626
234843814 26134
234959897 38436
235106893 40848
235141655 16125
235147595 29626
235577003 10793
235584910 10325
235613301 23940
236139536 53679
236310376 28786
236414404 32284
236566418 29626
236590812 28959
236642786 10793
236827663 34684
236940018 12967
237158575 40848
237431730 40848
237568250 54329
237729970 54329
237932374 54329
238120785 14155
238221364 30322
238259042 38436
238262344 24749
238954852 27444
238993337 32547
239401933 38436
239593274 20314
239605235 26391
239993255 39326
240180575 14155
240192861 27444
240206752 30322
240438128 53679
240615942 53679
240677526 53679
240778059 19988
240961785 29167
241107083 22491
241219050 24749
241232614 70457
241243077 28959
241321135 11466
241531188 53679
241639425 27033
241717599 28786
242194471 18986
242282643 34684
242332922 29626
242507003 8395
242524956 16125
242543702 27967
242950665 23940
243008668 10793
243300159 10793
243410318 26134
243465323 26391
243690594 111413
243770734 30322
243785862 41064
243793482 21801
243828748 16125
243856648 18570
244487987 10793
244527407 26391
244572367 22595
244682136 40848
244720713 28786
244832503 32284
244893421 16125
245002890 10793
245027488 10325
245039169 111413
245365004 20314
245396712 38202
245492310 16125
245546599 14155
245549712 24749
245693010 36474
245732521 10793
245745762 111413
245939256 40848
246064793 38202
246255746 42800
246307395 30322
246638032 14155
247146121 26313
247229266 54329
247453126 32547
247474937 39398
247594345 70457
247674734 32284
247787660 32284
247927867 16384
248023242 27967
248141154 21801
248328385 27713
248415096 29492
248844746 27444
248869943 53679
249261958 28786
249380383 10793
249709671 111413
249723294 38138
249781411 36474
250024784 38436
250068002 10325
250081312 21801
250193113 22595
250277708 23239
250295224 26391
250326490 28786
250428980 16384
250534474 30322
250684852 16125
250919658 26391
250989360 32284
251051233 28786
251245954 28786
251269458 29626
251428775 21801
251444591 40848
251455092 38202
251530429 16125
251556682 24749
251688946 14155
251758894 38138
251994195 28786
252212729 27033
252253735 41064
252812844 38138
253110601 11466
253449872 38436
253565108 39326
253649315 16125
253783458 30322
254112875 36474
254152481 111413
254294349 27967
254382550 40848
254516398 18570
254560310 20314
254704499 20314
254801500 27967
254830969 24749
254838594 41064
254949579 21801
254999763 32284
255051434 42800
255370666 29167
255382996 54329
255399458 26313
255425360 27494
255443450 27444
255471141 26313
255493932 18570
255552716 18441
255647333 38436
255766643 29167
255979611 22595
256037231 16384
256055543 38138
256254723 38138
256484750 39398
256508339 34684
256668608 23460
256747678 23460
256750905 24749
256882140 26313
257107300 27713
257113540 21801
257392232 8395
257611680 10793
258347574 70457
258356592 30322
258777578 8395
258979900 22595
259272919 10793
259329872 111413
259453208 39326
259973352 40848
259990583 32284
260245109 38138
260256396 10793
260295643 29167
260551924 16384
260834008 39398
260984857 38436
261423106 27494
261804157 10325
261834903 10325
262207855 23460
262551083 19988
262771109 26391
262873887 21801
263032625 20314
263632499 39398
264114144 27444
264222050 36474
264638123 27713
264751013 28786
264822763 16384
265383481 36474
265592248 18441
265721748 26391
265957713 24749
266120961 23460
266215196 18570
266260716 41064
266394707 29167
266612147 28786
266670196 39398
266868091 29626
267125849 20314
267325627 32284
267352725 18441
267372082 38138
267390627 111413
267476014 14155
267584786 27033
267771387 23940
267795075 16125
267824364 27033
267950085 20314
268306659 24749
268348280 28959
268360249 42761
268403681 38436
268614502 30322
268849613 22595
268889014 10325
268904666 28959
268931402 18441
269069924 38436
269292277 38138
269549288 38202
269691902 36474
269924469 34684
270030581 16125
270086595 30322
270311364 27444
270376105 41064
270386477 16125
270456838 39398
270528098 41064
270611158 34684
271109702 27967
271564466 22595
271624854 39398
271871394 27713
271959297 111413
271978230 23460
271981474 34684
272056371 111413
272076006 23460
272093690 27967
272599217 27444
272903238 18570
273038326 29626
273227552 30322
273482700 26313
273909931 54329
273982536 28786
274542160 26134
274879556 53679
274998486 32547
275096936 10325
275209511 11466
275447863 27444
275478833 38138
275503168 38202
275838531 41064
275899455 27713
276123151 70457
276469079 29626
276540049 30322
276731246 38436
276738430 16384
277038070 29167
277115124 36474
277130803 38138
277153802 36474
277264297 54329
277267678 10793
277299809 27967
277446584 30322
277585340 28175
277630003 26391
277772892 34684
277780692 11466
277859030 38138
277877275 38202
277986810 29167
278125087 26313
278187725 12967
278226927 70457
278314272 26313
278454814 10793
278486563 16125
278635843 54329
278815583 18570
279442671 26134
279464147 27713
279466110 38138
279480890 16125
279541206 29167
279595525 34684
279946733 16125
280035308 32284
280482106 111413
280952777 8395
280970032 39326
280993120 38436
281028485 23460
281113787 23940
281320306 24749
281347997 10325
281388792 39398
281561293 38436
281738064 38138
281782527 41064
281821443 14155
282010733 18986
282161299 111413
282262296 39398
282557587 20314
282661524 22595
282673160 111413
282845331 32547
283301194 32284
283502610 36474
283505199 26134
283651713 34684
283793146 24749
284043652 26134
284120545 10325
284155021 11466
284383367 27033
284573470 23940
285269471 16125
285555527 38202
285576580 27444
285635595 34684
285653154 34684
286094097 111413
286302336 16035
286685551 23940
286967878 10793
287156028 27713
287217854 70457
287858658 21801
287993461 29626
288311571 14155
288363942 16035
288458164 27444
288576094 70457
288635417 34684
288916376 34684
288956681 22595
289791494 53679
290029623 38202
290136023 22491
290136204 27967
290137652 26313
290166712 16125
290263275 29626
290317816 16384
290360306 28959
290489464 23460
291141371 10793
291144899 30322
292378315 28786
292395558 53679
292418217 12967
292526559 23239
292653063 40848
293096305 29626
293186823 23239
293253151 111413
293539143 27494
293687120 30322
294023578 42800
294285943 34684
294802121 36474
294844771 36474
295062534 23460
295100668 18441
295708819 53679
295741015 36474
295767272 20314
296138522 16384
296179817 34684
296553576 111413
296971298 14155
297532018 38436
298056860 16125
298280007 23460
298734232 38138
299049196 27713
299363737 8395
299831950 23460
299967301 23460
300188077 27967
300218134 54329
300368271 22491
300509177 26313
300682540 18986
300872531 111413
300885463 18441
301000016 8395
301524360 11466
301687657 24749
301693144 27444
301879813 16125
301929331 27713
301957648 27444
302454737 18441
302460705 40848
302697744 38138
302958570 34684
302978200 27444
303037702 26313
303557018 42761
303624670 26391
303711947 10793
303763824 27494
303862803 41064
304302718 42800
304602655 36474
304771134 40848
304865316 35082
305028252 54329
305070669 41064
305192043 32284
305221233 40848
305288679 38436
305599131 53679
306297221 11466
306337005 35082
306570759 29492
306671000 27967
306999014 23460
307039878 18570
307206086 10793
307714497 26134
307964858 54329
308183144 20314
308273618 20314
308440369 36474
308517410 24749
308779182 23460
309112695 10325
310059380 29167
310244604 39398
310604435 36474
310789960 70457
311179553 18441
311507624 23460
311623089 16125
311645752 24749
312058523 18570
312125997 23460
312382802 38436
312384108 28175
312389361 14155
312397689 38202
312836864 14155
312893760 42761
313075212 26313
313152629 32284
313269265 18570
313674794 38436
313957570 111413
314012195 10793
314452645 34684
314479923 12967
314726142 22595
314762530 18986
314941513 40848
314997136 39398
315029883 40848
315959920 23460
316030673 16035
316890050 32284
317012709 53679
318494881 34684
318518698 18441
318690528 18441
318806988 41064
318948935 20314
319034738 16125
319068927 27033
319314752 29492
319421652 30322
319557775 18570
320568645 32284
320581492 36474
320708352 16035
320908808 38202
320912066 29167
321026054 10793
321062480 10793
322769557 27494
322922054 20314
323109279 28786
323264935 22595
323535102 22595
323603690 30322
323845238 18570
324673950 20314
324775400 10793
324900023 38202
325038941 16125
325073403 26134
325162277 23940
325334499 27713
326191047 29492
326251117 30322
326474575 10325
326569079 28786
326627698 8868
326672045 27444
326765829 30322
326779622 53679
326880827 38138
326961826 22491
327024618 32284
327420265 23940
327453779 29492
327466772 26391
327890749 34684
328084524 27713
328302545 38436
328317764 26391
328639840 10325
328657779 18570
328694709 20314
329008783 27967
329089135 53679
329552624 41064
329886858 22491
330101036 23940
330171249 35082
330488496 54329
330691407 70457
331048678 8868
331250059 10325
331331244 26391
331875927 39398
331877680 22595
332383141 26313
332445473 54329
332652150 10325
332787863 19988
332834615 53679
333208696 27033
333420832 29167
333444285 32547
333581376 21801
333700503 29626
333969742 8395
334575583 42800
335064622 36474
335237385 23940
335514017 18570
335727656 12967
335937932 27967
336569662 38436
336577755 26134
336775280 38138
337453061 27713
337930217 29167
339203049 27494
339556821 28959
339692762 111413
339698150 26134
339820815 27444
340064404 38202
340095306 30322
340331600 32284
340430388 28175
340763527 16125
341351310 16125
341725339 27967
341796299 18441
342035274 18570
342261527 35082
342572119 21801
342599812 38138
342798252 27967
342863490 11466
342925056 27444
342948166 8395
343045067 32284
343137604 10793
343371356 42761
343576450 27713
343845047 20314
343974979 22595
344137034 38202
344905162 20314
345245043 27713
345856489 22595
345906196 27494
346058955 23460
346082172 70457
346568131 18441
346653205 20314
347242264 23460
347745314 22595
347756793 23460
348033522 20314
348060527 16035
348111949 32284
348326018 8868
348326797 27713
349017154 10793
349288588 30322
349394745 16125
349573421 27444
350161269 39326
350809495 41064
350857402 39326
350907437 42800
351086007 32547
351199484 28959
351741352 30322
352848926 40848
353533226 32284
353779599 42761
353832972 24749
354174644 27713
355057739 10325
355118520 14155
355152919 28959
355478299 38138
355627859 39398
355784496 10325
356183943 27033
356224585 54329
356573747 32547
356795286 16384
356843740 39326
357361014 42761
357380581 8868
357472615 111413
357739963 11466
357757951 26134
357794735 23460
358085058 18986
359008144 70457
359176179 26313
359315762 28959
359588243 10325
359720099 27033
359794582 16384
360113523 36474
360487324 23460
360767531 23460
361074862 14155
361088313 38202
361979660 8868
362058721 22595
362171735 111413
362193300 10325
362201577 27033
362503873 70457
362681350 27967
362920524 18441
363481197 18986
364417933 10793
364534938 70457
364555060 10793
364977863 24749
365002580 70457
365157091 27713
365678717 27713
365807000 16125
365884615 26391
365913015 38436
366460739 38138
366470358 27494
367810447 22595
367820149 70457
368074238 23239
368128127 29167
368314502 111413
368349787 28175
368579646 16384
368767258 111413
369028412 11466
369111003 38436
369309970 27444
369742757 36474
369872013 27967
369966798 38202
371004340 18441
371099607 28786
371184094 23460
371227682 30322
371955147 26313
372332706 38138
372398054 39398
372415489 14155
372796191 18570
373046840 23460
373071271 40848
373327107 23239
373577557 18441
374165334 18570
374272968 23940
375754616 10793
376047382 38436
376185408 24749
376328861 42800
376653705 34684
376809968 29626
376863034 28959
377021078 38436
377362560 38202
377574333 12967
378088549 16384
378575301 30322
378669733 27713
378679264 21801
378948678 39398
378950946 53679
379038860 42761
379193196 38436
379601006 30322
380521947 22595
380650416 26313
380670371 16384
380822872 27713
380884395 8395
381210369 27033
381632228 36474
381694831 70457
382051551 111413
382056710 10325
382146837 39326
382210645 26391
382446249 19988
383315713 111413
383354761 26134
383988542 18570
384506928 70457
384511409 29626
385568883 16125
385819218 40848
385860257 42800
385900030 29626
385920077 38436
385923651 32547
385936104 111413
386025880 38202
386045800 54329
386070066 29167
386229543 39398
386341606 40848
386732811 40848
387303893 29626
388728696 10325
388769522 16125
388954439 111413
389372084 54329
389413274 27494
389573582 29626
390469679 29626
390644363 14155
391100997 26313
391357408 18570
391637233 21801
391762663 70457
391965357 26134
392604680 53679
392685122 41064
392856768 10793
392914272 40848
393439707 38202
394227695 16125
394240920 38202
394728044 26313
394859323 38202
395191696 27713
395435114 16035
395542524 12967
396627950 29626
396897811 26391
397032044 20314
397160160 111413
397524943 38202
397590289 29492
397646519 16384
397709368 32547
398226182 18441
398241429 111413
398778457 111413
398835842 16125
399299890 28786
399309395 29626
399592067 38436
400362275 20314
400393944 16035
400707217 36474
401358520 38202
401818682 26391
401976890 29626
402116871 36474
402403356 34684
402764343 38202
403388053 53679
403482780 40848
403568897 36474
404172271 34684
404252225 34684
404589275 41064
405826456 38138
405952596 20314
406211884 41064
406548619 21801
406743089 10793
406969737 38138
406994161 29626
407144526 10793
407356291 10325
407384468 42761
407755006 22491
409091346 28175
409927993 18570
410124702 23940
410149976 38436
410291099 26391
410426987 10325
410786657 32284
411131951 18441
411740990 10793
411865985 16125
412221363 27713
413100731 39326
413779809 23940
413866515 36474
413996720 30322
414020705 53679
414253531 18441
414770465 12967
415153256 38436
415300545 24749
415492594 22491
416150238 21801
416194481 36474
416412511 38436
417374551 27967
417407674 12967
418852903 11466
419366750 10325
419487366 29492
419696609 29167
419816368 23940
420382499 27444
420524495 27494
421377634 36474
421551229 16125
422505625 28175
422561335 29626
422673736 21801
422783864 32547
423311030 111413
423444736 38202
423771180 27713
423961966 29167
424698402 16125
425228922 29167
425270525 21801
425459816 26313
425630840 36474
425756821 8395
426647320 21801
426657313 23460
426773410 41064
428625996 27713
429094343 26134
429253192 32284
429332320 8868
429382247 42800
429619937 16035
429981202 38436
430370795 27713
430481753 32547
430596890 53679
430867132 26134
432004438 23460
432240724 39398
432312682 28786
432673706 23460
434249441 27713
434647947 27494
435236602 10793
435817520 34684
435980092 111413
436015788 35082
436115456 26313
436233528 18570
436343767 38138
436919330 10793
437130721 38202
437464077 34684
437504964 18441
438284978 34684
438665844 39398
439078726 34684
439580958 34684
439811959 27713
440028182 12967
440032690 18441
440273294 23239
441978880 27967
442673437 38202
443457114 26134
443587100 38436
443907448 34684
444344299 23460
444637420 27713
444766691 10325
446538209 16125
446904302 39398
446924275 10793
447166181 26391
448733877 111413
448875959 53679
449119451 18441
449311051 23239
449675927 41064
449858524 35082
450071559 38436
450342620 18570
450867667 26134
451432708 20314
451603708 19988
452352741 18441
452491801 34684
453277591 38436
453573070 53679
453892183 32284
454126559 10325
454305091 28175
454914676 27713
455267561 27713
455340801 39326
455821660 14155
455895286 26391
456634339 39398
457028575 38436
457377042 27494
457605616 11466
457656007 24749
457851160 41064
457867432 30322
458371659 40848
459403728 53679
460069113 42800
460663249 12967
461141911 22595
461569628 27033
461647353 54329
461689554 38202
462007622 14155
462219611 18441
462315949 39326
462391007 28959
462539586 26391
462641138 29626
463794498 8868
463935346 54329
464920536 23239
465495414 26134
465923932 32284
466370928 23460
466783245 27713
467324153 29626
467400888 28175
467615504 26391
467714392 28786
468183774 10793
468743137 38202
468903323 18570
469198266 24749
469290972 27713
469903763 38436
470449165 22595
470508662 35082
470587703 14155
471110506 40848
471612366 16384
471896303 27033
472272881 32284
472469952 11466
472759055 21801
472978179 16035
473785705 12967
473950328 70457
474133651 23239
474170773 21801
474244840 28786
475293404 26134
475461017 70457
475732486 27713
475776018 18570
475884318 111413
475912973 34684
476362556 42761
477134001 30322
478518998 24749
478998308 26134
479644360 111413
479792713 23940
479921181 27444
480196621 26313
480422456 70457
480512165 16384
480645775 10325
480745369 18441
480771957 29626
481446151 70457
482256273 27967
482484798 10793
482866924 38202
483142752 23940
483159021 27967
484057869 35082
485132823 8868
485190867 8395
485475676 38436
486517680 27033
486582290 70457
486963715 30322
487029153 23460
487541837 22595
487616991 53679
488070698 23239
488611617 21801
489002436 53679
490218360 24749
490262523 30322
490900144 70457
492292551 28959
492357077 11466
492690507 18570
492926788 29167
493416394 12967
493694053 29167
494242338 8868
494272319 21801
494660932 27967
495069234 20314
495433217 39398
495462988 39398
495475023 39398
495505511 19988
495517545 39398
498142913 38436
498901874 21801
499813576 18441
500645143 26313
500811898 26391
500982806 23460
501079770 36474
501397820 41064
501760892 26391
501917416 27967
503256355 28786
503687869 26313
504342142 28959
504616637 27713
504775053 18441
504840806 38138
505343945 30322
506530685 70457
510577121 40848
510656542 27967
513883865 54329
514344295 27967
514691457 16125
514992344 29492
515540537 30322
516025922 8868
516844318 38138
516902351 18441
517888533 111413
517923553 10793
518036108 16125
518661342 23239
519773169 40848
519894069 22491
520802741 22595
522250391 18441
522534694 8395
522831910 14155
522973696 18441
523473566 23460
523700549 16384
523780422 26391
524475474 70457
524666254 28959
524852516 38436
525292277 27713
525493413 22595
525723311 40848
525928996 70457
527409371 70457
527905110 29626
528610947 10793
528684039 27444
528930357 12967
529916985 53679
531529381 20314
531543684 23239
531557490 29492
532527735 42761
533272466 23940
533581865 28786
534335524 111413
534404993 22595
534622235 23940
534838123 28959
535094045 16125
536500168 26313
537109067 28175
537253143 16125
537410759 40848
538700085 23460
539099135 29492
540408765 35082
540652287 54329
543173636 23460
544636119 22595
545559279 16125
545657424 38436
546026723 38138
547053290 39398
547098442 8395
547711488 23239
548459202 27967
548583401 21801
549096276 18441
549148934 53679
549692104 23239
551326648 16125
551412454 38138
551432593 29626
551787952 70457
552248966 23940
552339916 8395
552394883 30322
552513293 70457
552845148 26313
553024920 18441
553867503 20314
554001429 16125
554556693 18570
555136512 38138
555294126 27967
555915892 18441
556073941 29167
556869362 41064
557203317 26313
557594523 27444
557967064 22595
558012965 27967
558554503 27033
559065365 10325
559838974 14155
560451317 21801
561189610 32547
561370529 16125
562135257 35082
562319936 23239
562673751 29167
564000560 16125
564166821 16384
564239170 16035
564698442 8868
564774802 8868
564784728 36474
565633393 26391
565920080 36474
566148475 10793
567111074 10793
567236409 42800
567644400 24749
568781990 38202
568832276 53679
569986522 39326
570416368 23940
572019020 8395
572136282 19988
572179618 39326
573313860 11466
573423642 24749
574090564 27033
574630862 29492
574656703 27967
576068234 35082
576091245 22595
576395455 34684
577366001 32547
577393816 38436
577427016 16035
579230216 27033
580994469 19988
582722441 23460
583123781 26134
583170782 11466
583211235 36474
583718391 27713
583801569 22595
584353139 42800
585100610 53679
586977256 29492
588410803 28959
588476089 18441
588839065 27713
589043812 14155
589464429 39326
590236422 38436
591051883 16035
592099335 32284
592863346 27967
593650130 111413
593828967 35082
594041271 30322
594651291 23460
595281829 16384
595321159 42761
595820114 26134
595880184 54329
596094691 28959
596551165 53679
596855574 70457
598091960 28175
598315271 21801
598500852 12967
598506333 26391
598811557 18570
599540342 26134
599697165 27494
599929859 40848
600557182 21801
600663637 34684
601210404 27967
601375494 38436
601977384 30322
602008628 20314
602060307 70457
602729700 70457
603108090 16125
603168363 23239
603194719 29626
603957750 23940
604430041 18441
604596719 41064
604970874 26391
606641779 22595
606753829 32284
606962804 38138
608019269 36474
608784726 111413
609314091 70457
609378847 14155
609471191 11466
610067917 40848
611552759 16035
611890719 11466
611909052 18570
612084783 18986
612084854 39398
612916391 30322
612947883 35082
613963653 32284
614529720 28786
616046030 32284
616048231 54329
619157607 16035
619374026 111413
619393302 28959
619468301 28959
619488421 27494
620064356 32547
620223922 26313
620412683 27494
621381100 22595
622004388 23460
622426905 111413
622792995 22595
623107575 22595
623173274 16125
625285213 26391
626530316 35082
627055000 32284
627605505 20314
627828867 23940
628796113 111413
629040440 27967
629806327 27967
630854568 14155
630939539 30322
631014287 14155
631244111 26313
634031018 38436
634259643 8395
635616539 22595
636545684 18441
636586551 32284
636754709 23239
637261878 35082
637378200 28959
701128112 16384
703914810 39398
705390718 41064
706405455 21801
706999513 27444
711286188 23239
712485582 32284
712845872 29167
713780658 26134
713963208 21801
715348849 24749
716443088 20314
716960204 14155
720645913 21801
726699799 38436
727323168 26391
727443637 26391
728001408 38138
729036906 22595
732187586 20314
733509648 38138
734078617 20314
734436301 41064
734661780 38138
734921088 53679
738217272 22595
738317268 18441
743641218 27444
744894062 11466
751135825 36474
751984622 12967
752314268 26313
753005893 38202
753530382 38138
753976494 23460
754058233 40848
756757760 39326
759134479 12967
763723500 23940
764002344 26391
765000510 16384
766693854 70457
767669412 8395
770083891 11466
770991787 24749
772466924 36474
773187938 19988
774153380 28959
775920073 23460
776287214 27967
776616558 8395
778853749 22595
780648774 11466
785134741 18441
788056334 26391
789559524 29626
789738246 27494
792706658 42800
793316659 111413
803023518 22595
804596460 111413
805869841 36474
806388620 111413
806741605 27967
807554287 14155
807929844 20314
809013702 29167
815306454 111413
816148976 26313
817041524 38436
818013782 40848
818579138 39398
818767796 23940
819078714 23940
819268584 28959
820209037 54329
823838268 42761
823856828 23239
829809828 11466
833988769 111413
835104102 28175
838641979 18570
840125784 19988
841801843 53679
842949421 111413
843753110 18570
843843476 111413
847124808 18986
847335906 26313
847524708 42761
847981074 8868
848424368 20314
855072673 18570
856173846 23460
856791061 38436
858247765 38138
858355471 35082
858854648 26313
859112581 27713
865723405 28959
867457363 20314
868458666 29626
871477614 53679
872719532 39326
873227323 29626
874251536 16035
880880552 26134
882337170 16035
884239830 38436
884458202 53679
884665147 26134
889777608 28786
891629540 16035
892796508 36474
895712294 35082
899167549 16035
900282308 10793
900970848 32284
903356838 8395
904090399 39398
905926296 18570
906060302 38202
907664203 16384
907894135 21801
912065210 28175
915577237 53679
919646454 27967
921458772 22595
921561643 38202
922144939 12967
924366733 32547
926183292 27713
926185416 29492
927420698 22491
927430573 26313
930931548 23239
934385852 23460
940468242 8395
941997229 38202
943578900 42761
946065337 32284
947823050 28786
950292649 34684
950565403 18441
952156134 26313
954124423 27713
958649520 32284
960433100 10793
961640664 26134
961904042 12967
964340869 32547
971383140 8395
971658596 16384
972754400 39398
976360465 70457
978297979 19988
978818863 38436
979523292 20314
983384040 12967
986610248 38202
986913103 27713
990111043 11466
995322806 111413
995631956 23940
1000039248 22595
1003875517 28175
1005059905 20314
1006096944 70457
1009777158 26313
1012488631 23940
1021422055 30322
1024542661 38138
1025378040 35082
1027726291 18441
1042453669 111413
1047778986 21801
1050355670 41064
1051156543 26391
1051219699 14155
1052911226 28959
1053376123 26313
1058728429 29492
1066538857 27494
1068647437 11466
1072509836 29492
1080757783 22595
1081984063 29167
1083172980 16125
1084548338 16384
1100698688 38202
1101460280 22595
1101851076 35082
1104057866 26134
1105978885 27713
1108807484 39326
1110654090 23940
1126234562 10793
1130483713 26313
1134832688 26313
1137839808 26391
1148621119 39398
1151451416 23460
1157551710 38436
1159947360 20314
1160247739 35082
1160499170 23460
1161174938 28959
1163272849 32284
1164231356 16125
1164292826 29626
1168468022 39326
1168498681 26391
1169619584 22595
1177017763 14155
1198490005 70457
1205136368 26391
1208917327 16125
1209798396 26313
1211477438 54329
1220572183 28786
1222656072 38138
1224101515 29492
1226015407 53679
1227483475 35082
1228647284 54329
1230372181 41064
1233202375 23239
1239463357 10793
1239481184 8395
1242418075 27967
1244122722 19988
1244738568 28959
1245104060 40848
1250178024 16035
1250262247 10793
1252216544 28959
1252382922 19988
1252820030 38138
1252957579 38436
1253721414 14155
1255600255 24749
1260018865 11466
1262438131 26313
1265235926 53679
1267678765 18570
1277973086 19988
1279398318 29492
1280006172 20314
1284309614 18986
1284432792 27494
1286542706 24749
1288120890 32284
1292589259 35082
1295292668 18441
1296638094 22595
1303716138 41064
1307378574 16384
1308299424 16035
1309190376 26391
1310499042 35082
1314643951 38202
1316579228 32284
1319646870 30322
1320361207 36474
1331974538 16384
1332630319 32284
1335002192 38202
1337640818 26391
1338101844 26391
1342303824 12967
1345744160 34684
1348911890 16384
1351888752 18441
1355950082 11466
1358003496 23460
1359063488 111413
1360454526 39326
1361648185 42761
1362038882 26313
1375196018 18441
1378352149 23239
1392165396 29167
1392282468 38436
1392430526 27713
1409485627 20314
1413834362 16384
1418268582 35082
1418405400 11466
1420244798 28959
1426471352 23460
1427796456 28786
1432000818 35082
1432553046 53679
1433597581 16125
1435913318 18441
1439367756 22595
1443665402 20314
1447522692 14155
1448456952 27444
1449023288 111413
1449557952 32284
1450491685 27494
1451476778 16384
1452160140 20314
1454448288 30322
1462044164 11466
1482303019 39326
1483017367 26313
1483397126 23940
1490131232 38436
1493398826 28959
1496669612 29626
1511820588 27444
1511928434 27967
1519305158 27713
1519630543 70457
1520234352 23940
1524690656 27967
1526590237 16125
1528048501 27713
1536969096 32547
1537051494 27713
1546953379 26313
1550240084 14155
1553602782 18441
1554116772 26391
1565692544 27713
1570400478 41064
1571425862 28175
1571761254 28959
1589586511 20314
1596735439 16384
1603419038 16384
1605069612 26391
1615698704 39398
1618732068 26313
1622820421 70457
1635818198 22595
1638458442 26313
1643319493 29167
1644133471 8395
1656037064 8395
1658629046 53679
1660635030 19988
1668223399 38138
1671877099 27713
1673818016 38202
1673908513 18441
1673962458 34684
1680526861 22595
1688183076 38202
1705236246 30322
1710933343 39398
1712989040 16384
1713535650 24749
1721834040 18570
1723082666 27713
1723458516 39398
1741281200 14155
1794813248 14155
1798164691 26313
1840181210 18570
1855233937 29492
1859787145 8868
1880558749 32284
1893843680 24749
1924142779 11466
1935099013 40848
1964865535 24749
1967148798 24749
1970898091 38202
1979482608 26391
2147992788 35082
2148861861 21801
2149434798 41064
2155491151 42800
2157897555 35082
2164631864 11466
2166428971 111413
2173101619 21801
2183218339 27494
2184547357 30322
2199953598 18986
2204070475 11466
2205714775 19988
2214078920 27033
2216245224 32284
2218500721 54329
2221832852 12967
2222953573 28959
2229348942 38202
2230516458 29492
2235128126 38202
2244306120 32284
2253607832 39326
2268351200 27967
2271945613 23239
2273116802 35082
2278155132 29492
2284642004 16384
2290013322 30322
2290106114 23940
2294544853 16384
2295460021 11466
2299025175 18441
2304091250 18570
2317393614 111413
2326128330 21801
2329342496 19988
2331103610 8868
2341569376 27494
2349471342 32547
2358125977 28959
2372843052 26313
2386574329 16384
2388084584 16384
